,GW,ID,Name,Team,Pos,Price,Prob of Appearing,xP,In Squad,In Lineup,Is Captain,Is Vice Captain,Transferred In,Transferred Out
0,30,409,Dubravka,15,1,4.2,0.94,3.33,1.0,1.0,0.0,0.0,0.0,0.0
1,30,89,Zabarnyi,3,2,4.5,0.94,2.83,1.0,1.0,0.0,0.0,1.0,0.0
2,30,313,Virgil,11,2,6.5,0.94,2.22,1.0,1.0,0.0,0.0,1.0,0.0
3,30,5,Gabriel,1,2,5.3,0.94,2.12,1.0,1.0,0.0,0.0,0.0,0.0
4,30,516,Son,18,3,10.1,0.94,4.91,1.0,1.0,1.0,0.0,0.0,0.0
5,30,353,Foden,13,3,8.1,0.94,4.67,1.0,1.0,0.0,1.0,0.0,0.0
6,30,19,Saka,1,3,9.1,0.94,4.22,1.0,1.0,0.0,0.0,0.0,0.0
7,30,14,Ødegaard,1,3,8.5,0.94,3.96,1.0,1.0,0.0,0.0,0.0,0.0
8,30,382,Garnacho,14,3,4.9,0.94,3.03,1.0,1.0,0.0,0.0,0.0,0.0
9,30,60,Watkins,2,4,9.0,0.94,4.44,1.0,1.0,0.0,0.0,0.0,0.0
10,30,343,J.Alvarez,13,4,6.5,0.94,3.05,1.0,1.0,0.0,0.0,0.0,0.0
11,30,49,Martinez,2,1,5.3,0.95,3.26,1.0,0.0,0.0,0.0,0.0,0.0
12,30,342,Aké,13,2,5.1,0.86,2.5,1.0,0.0,0.0,0.0,0.0,0.0
13,30,129,Dunk,5,2,5.2,0.94,1.82,1.0,0.0,0.0,0.0,0.0,0.0
14,30,293,Darwin,11,4,7.5,0.85,3.66,1.0,0.0,0.0,0.0,0.0,0.0
15,30,430,Trippier,15,2,6.7,0.3,3.55,0.0,0.0,0.0,0.0,0.0,1.0
16,30,112,Pinnock,4,2,4.5,0.24,2.81,0.0,0.0,0.0,0.0,0.0,1.0
17,31,409,Dubravka,15,1,4.2,0.94,3.49,1.0,1.0,0.0,0.0,0.0,0.0
18,31,5,Gabriel,1,2,5.3,0.94,5.36,1.0,1.0,0.0,1.0,0.0,0.0
19,31,313,Virgil,11,2,6.5,0.94,3.9,1.0,1.0,0.0,0.0,0.0,0.0
20,31,89,Zabarnyi,3,2,4.5,0.94,2.95,1.0,1.0,0.0,0.0,0.0,0.0
21,31,19,Saka,1,3,9.1,0.94,5.78,1.0,1.0,1.0,0.0,0.0,0.0
22,31,14,Ødegaard,1,3,8.5,0.94,5.2,1.0,1.0,0.0,0.0,0.0,0.0
23,31,353,Foden,13,3,8.1,0.94,4.73,1.0,1.0,0.0,0.0,0.0,0.0
24,31,516,Son,18,3,10.1,0.94,4.47,1.0,1.0,0.0,0.0,0.0,0.0
25,31,664,Ward-Prowse,19,3,5.9,0.94,3.97,1.0,1.0,0.0,0.0,1.0,0.0
26,31,85,Solanke,3,4,7.2,0.94,4.23,1.0,1.0,0.0,0.0,1.0,0.0
27,31,60,Watkins,2,4,9.0,0.94,3.84,1.0,1.0,0.0,0.0,0.0,0.0
28,31,49,Martinez,2,1,5.3,0.95,2.8,1.0,0.0,0.0,0.0,0.0,0.0
29,31,342,Aké,13,2,5.1,0.86,3.16,1.0,0.0,0.0,0.0,0.0,0.0
30,31,129,Dunk,5,2,5.2,0.94,2.58,1.0,0.0,0.0,0.0,0.0,0.0
31,31,343,J.Alvarez,13,4,6.5,0.94,3.62,1.0,0.0,0.0,0.0,0.0,0.0
32,31,382,Garnacho,14,3,4.9,0.94,2.91,0.0,0.0,0.0,0.0,0.0,1.0
33,31,293,Darwin,11,4,7.5,0.85,3.93,0.0,0.0,0.0,0.0,0.0,1.0
34,32,524,Areola,19,1,4.3,0.95,3.36,1.0,1.0,0.0,0.0,1.0,0.0
35,32,265,Tarkowski,9,2,4.6,0.94,3.48,1.0,1.0,0.0,0.0,1.0,0.0
36,32,5,Gabriel,1,2,5.3,0.94,2.96,1.0,1.0,0.0,0.0,0.0,0.0
37,32,313,Virgil,11,2,6.5,0.94,2.53,1.0,1.0,0.0,0.0,0.0,0.0
38,32,19,Saka,1,3,9.1,0.94,5.04,1.0,1.0,1.0,0.0,0.0,0.0
39,32,516,Son,18,3,10.1,0.94,5.01,1.0,1.0,0.0,1.0,0.0,0.0
40,32,353,Foden,13,3,8.1,0.94,4.67,1.0,1.0,0.0,0.0,0.0,0.0
41,32,14,Ødegaard,1,3,8.5,0.94,4.55,1.0,1.0,0.0,0.0,0.0,0.0
42,32,664,Ward-Prowse,19,3,5.9,0.94,4.06,1.0,1.0,0.0,0.0,0.0,0.0
43,32,85,Solanke,3,4,7.2,0.94,4.74,1.0,1.0,0.0,0.0,0.0,0.0
44,32,60,Watkins,2,4,9.0,0.94,4.27,1.0,1.0,0.0,0.0,0.0,0.0
45,32,49,Martinez,2,1,5.3,0.95,3.21,1.0,0.0,0.0,0.0,0.0,0.0
46,32,342,Aké,13,2,5.1,0.86,3.73,1.0,0.0,0.0,0.0,0.0,0.0
47,32,89,Zabarnyi,3,2,4.5,0.94,2.29,1.0,0.0,0.0,0.0,0.0,0.0
48,32,343,J.Alvarez,13,4,6.5,0.94,3.46,1.0,0.0,0.0,0.0,0.0,0.0
49,32,409,Dubravka,15,1,4.2,0.94,3.15,0.0,0.0,0.0,0.0,0.0,1.0
50,32,129,Dunk,5,2,5.2,0.94,2.28,0.0,0.0,0.0,0.0,0.0,1.0
51,33,524,Areola,19,1,4.3,0.95,3.89,1.0,1.0,0.0,0.0,0.0,0.0
52,33,290,Alexander-Arnold,11,2,8.5,0.9,5.44,1.0,1.0,1.0,0.0,1.0,0.0
53,33,313,Virgil,11,2,6.5,0.94,4.02,1.0,1.0,0.0,0.0,0.0,0.0
54,33,5,Gabriel,1,2,5.3,0.94,3.86,1.0,1.0,0.0,0.0,0.0,0.0
55,33,19,Saka,1,3,9.1,0.94,5.27,1.0,1.0,0.0,1.0,0.0,0.0
56,33,353,Foden,13,3,8.1,0.94,5.04,1.0,1.0,0.0,0.0,0.0,0.0
57,33,664,Ward-Prowse,19,3,5.9,0.94,4.67,1.0,1.0,0.0,0.0,0.0,0.0
58,33,14,Ødegaard,1,3,8.5,0.94,4.66,1.0,1.0,0.0,0.0,0.0,0.0
59,33,108,Mbeumo,4,3,6.7,0.93,4.48,1.0,1.0,0.0,0.0,1.0,0.0
60,33,343,J.Alvarez,13,4,6.5,0.94,4.6,1.0,1.0,0.0,0.0,0.0,0.0
61,33,85,Solanke,3,4,7.2,0.94,4.44,1.0,1.0,0.0,0.0,0.0,0.0
62,33,49,Martinez,2,1,5.3,0.95,3.24,1.0,0.0,0.0,0.0,0.0,0.0
63,33,89,Zabarnyi,3,2,4.5,0.94,2.49,1.0,0.0,0.0,0.0,0.0,0.0
64,33,265,Tarkowski,9,2,4.6,0.94,2.22,1.0,0.0,0.0,0.0,0.0,0.0
65,33,60,Watkins,2,4,9.0,0.94,3.84,1.0,0.0,0.0,0.0,0.0,0.0
66,33,342,Aké,13,2,5.1,0.86,4.29,0.0,0.0,0.0,0.0,0.0,1.0
67,33,516,Son,18,3,10.1,0.94,4.23,0.0,0.0,0.0,0.0,0.0,1.0
68,34,524,Areola,19,1,4.3,0.95,3.52,1.0,1.0,0.0,0.0,0.0,0.0
69,34,5,Gabriel,1,2,5.3,0.94,4.11,1.0,1.0,0.0,0.0,0.0,0.0
70,34,290,Alexander-Arnold,11,2,8.5,0.9,4.09,1.0,1.0,0.0,0.0,0.0,0.0
71,34,313,Virgil,11,2,6.5,0.94,3.26,1.0,1.0,0.0,0.0,0.0,0.0
72,34,19,Saka,1,3,9.1,0.94,5.53,1.0,1.0,1.0,0.0,0.0,0.0
73,34,14,Ødegaard,1,3,8.5,0.94,4.88,1.0,1.0,0.0,0.0,0.0,0.0
74,34,43,Douglas Luiz,2,3,5.7,0.94,4.32,1.0,1.0,0.0,0.0,1.0,0.0
75,34,108,Mbeumo,4,3,6.7,0.93,4.32,1.0,1.0,0.0,0.0,0.0,0.0
76,34,117,Toney,4,4,8.2,0.94,4.93,1.0,1.0,0.0,1.0,1.0,0.0
77,34,60,Watkins,2,4,9.0,0.94,4.41,1.0,1.0,0.0,0.0,0.0,0.0
78,34,85,Solanke,3,4,7.2,0.94,4.19,1.0,1.0,0.0,0.0,0.0,0.0
79,34,49,Martinez,2,1,5.3,0.95,3.29,1.0,0.0,0.0,0.0,0.0,0.0
80,34,265,Tarkowski,9,2,4.6,0.94,2.91,1.0,0.0,0.0,0.0,0.0,0.0
81,34,89,Zabarnyi,3,2,4.5,0.94,2.12,1.0,0.0,0.0,0.0,0.0,0.0
82,34,664,Ward-Prowse,19,3,5.9,0.94,4.07,1.0,0.0,0.0,0.0,0.0,0.0
83,34,353,Foden,13,3,8.1,0.0,0.0,0.0,0.0,0.0,0.0,0.0,1.0
84,34,343,J.Alvarez,13,4,6.5,0.0,0.0,0.0,0.0,0.0,0.0,0.0,1.0
